0 1 0 98 0 0 0 0 0 0 0 97 0 0 0 0 0 0 58 0 0 0 0 0 0 0 0 0 0 0 0 0 0 0 0 0 0 0 0 0 0 0 0 0 40 0 0 0 0 0 0 0 0 0 0 0 0 0 0 0 0 0 0 0 0 0 0 0 0 0 0 96 0 0 0 0 0 0 0 0 0 0 0 0 0 0 0 0 0 68 0 0 0 89 0 0 0 0 0 0 0 0 0 0 0 0 0 0 0 0 0 0 0 0 0 0 0 0 0 0 41 0 0 0 0 0 0 0 0 0 0 0 0 0 0 0 98 0 0 0 0 0 0 0 0 0 12 0 0 0 
0 0 0 0 0 0 0 0 0 0 0 0 0 0 0 0 0 0 0 0 0 34 0 65 47 0 0 36 0 0 0 57 0 0 0 0 0 0 0 0 0 0 0 0 0 0 0 0 0 0 0 0 0 0 0 0 0 37 0 0 0 64 0 3 0 0 0 0 0 0 0 0 0 0 0 0 0 0 0 0 0 0 0 0 67 0 0 0 0 0 0 0 0 0 0 0 0 0 0 0 0 0 0 0 0 0 0 0 0 0 0 0 0 0 0 0 0 0 0 0 0 0 0 0 0 0 0 67 0 0 0 0 0 0 0 9 0 0 0 0 0 0 0 0 67 0 84 0 0 0 
0 0 0 0 0 0 0 0 0 0 0 0 0 0 0 0 0 0 0 0 0 0 0 0 0 0 100 0 0 0 0 0 0 0 0 41 0 0 0 0 0 0 0 0 0 30 0 0 0 89 0 0 0 0 0 0 0 0 0 0 41 0 0 15 0 0 0 0 0 0 0 0 0 0 0 0 0 0 0 10 0 0 0 0 0 0 0 0 0 14 0 0 0 63 0 0 0 31 0 0 0 0 0 0 85 0 0 0 0 0 89 0 0 0 0 0 0 0 0 0 0 0 0 0 0 0 0 0 0 0 0 0 0 0 0 0 0 37 0 0 86 87 0 99 0 0 0 0 59 0 
0 0 0 0 0 0 68 0 0 0 0 0 0 0 0 0 52 0 0 0 0 0 0 0 0 0 0 0 0 0 0 0 0 0 0 0 0 0 0 45 0 0 0 0 0 0 0 0 0 0 0 0 0 0 0 0 60 0 0 0 0 0 0 0 0 0 0 0 0 0 78 0 0 0 0 0 0 0 0 0 10 0 0 0 0 0 0 0 0 0 0 0 0 0 0 0 0 0 0 64 67 0 0 0 0 0 0 0 46 0 0 59 0 0 0 0 0 0 0 0 0 0 12 0 0 27 0 0 0 0 0 0 14 61 0 0 0 0 0 0 0 0 0 78 0 0 0 0 0 0 
0 0 0 55 0 0 0 0 0 0 0 0 0 0 0 0 0 0 0 0 0 0 88 0 0 0 24 0 0 0 0 0 0 0 0 0 0 0 0 0 0 0 0 0 0 0 0 0 0 0 0 0 0 0 0 0 0 83 0 0 0 0 61 0 17 0 0 0 0 0 0 0 0 70 0 0 0 0 0 0 0 39 35 0 0 0 0 3 0 0 0 0 0 0 0 0 29 39 0 0 0 0 0 0 0 0 0 0 0 0 0 0 0 0 0 0 0 0 49 0 0 0 0 0 0 0 12 71 0 0 0 0 61 0 0 0 0 0 0 0 0 0 0 0 0 0 0 0 72 0 
0 0 0 0 84 0 88 0 90 0 0 0 0 0 0 0 0 0 0 0 0 0 0 0 0 0 0 0 0 0 0 0 0 67 0 0 0 0 0 0 0 0 0 0 0 0 0 0 80 0 0 0 0 0 0 0 0 89 0 0 0 0 0 0 0 0 0 0 0 0 0 0 0 0 0 0 0 0 0 0 0 0 0 0 0 34 0 0 0 0 0 0 0 0 0 0 0 0 0 0 0 0 0 0 0 0 0 0 22 0 0 0 0 0 0 0 85 0 0 0 0 22 97 0 0 0 53 0 0 0 0 0 0 0 0 0 0 0 0 0 6 0 0 0 66 0 0 99 0 0 
0 0 0 0 0 39 0 0 0 0 0 0 0 0 0 0 0 0 0 0 0 0 0 0 57 0 0 0 0 0 0 0 34 0 0 0 0 0 0 0 0 0 0 0 0 0 0 0 0 0 0 0 0 0 0 0 0 0 0 0 0 0 0 0 0 0 0 0 0 0 0 0 0 0 0 0 0 3 0 0 0 0 0 0 28 0 0 18 0 0 0 0 0 0 0 27 0 0 0 0 0 33 0 0 0 0 0 0 0 0 12 0 0 85 0 0 0 0 0 0 0 0 0 0 0 0 0 0 0 0 0 0 0 0 0 0 0 0 0 0 0 0 0 0 0 0 0 0 0 0 
0 0 0 0 0 0 0 0 0 0 0 0 0 0 0 0 0 0 0 28 0 0 0 0 0 0 56 0 0 0 0 0 0 0 0 0 0 91 0 0 0 97 0 0 0 0 0 0 0 0 0 0 0 0 0 0 0 0 0 0 0 0 0 0 0 0 0 0 0 0 83 35 0 0 0 0 0 0 0 0 0 0 0 0 0 0 0 0 0 0 0 0 0 0 0 0 0 0 0 0 0 0 0 0 0 0 0 0 0 0 0 0 0 0 0 0 0 0 0 0 0 0 0 0 0 86 0 23 0 0 0 0 0 0 0 0 0 0 0 0 0 0 0 0 0 0 7 41 0 0 
0 0 0 0 0 0 0 0 0 0 0 0 0 0 0 0 0 0 0 96 0 0 0 0 0 65 0 0 0 0 0 0 0 0 0 0 0 0 77 0 0 86 0 0 0 0 0 0 0 54 0 0 0 0 0 0 0 0 0 17 0 0 0 0 0 0 0 0 0 0 0 40 0 0 0 0 0 0 0 0 0 0 0 0 0 0 0 0 0 0 0 0 0 0 0 0 0 0 0 0 0 0 0 0 0 0 0 0 0 0 0 0 0 0 0 0 0 0 73 0 0 0 0 0 0 0 0 0 0 0 0 0 0 0 0 0 0 19 0 0 0 0 0 0 0 0 0 0 29 0 
0 0 0 0 33 0 0 0 0 0 0 0 0 0 0 0 0 0 0 0 0 0 0 0 0 0 0 0 0 0 0 0 0 0 0 0 0 0 0 0 0 0 0 0 0 0 0 0 0 0 0 0 0 0 0 0 0 0 0 0 0 98 0 0 0 0 0 0 0 62 0 0 0 0 0 0 0 0 62 0 0 0 0 0 0 0 0 0 0 0 0 0 0 0 0 0 0 0 0 0 0 0 0 0 0 0 0 0 53 0 0 0 0 20 0 0 0 77 0 0 0 0 0 0 0 0 0 0 0 0 0 0 0 0 0 0 42 0 0 70 0 0 0 0 0 0 0 0 0 0 
0 0 95 0 0 0 0 0 78 0 0 0 0 0 0 0 0 0 0 0 0 95 0 0 0 0 0 0 3 0 0 0 86 0 0 0 0 0 0 0 67 0 0 0 0 0 0 0 77 0 46 0 0 0 0 59 0 0 43 0 0 0 0 92 72 0 0 0 2 0 16 62 0 0 0 71 86 0 0 0 0 7 40 0 0 0 68 0 0 0 0 0 0 0 0 0 0 0 0 0 0 0 0 0 0 0 0 0 0 0 0 0 0 0 0 0 0 0 45 0 0 0 0 0 0 0 0 0 0 50 0 0 0 0 0 0 0 0 88 0 0 0 0 0 0 0 0 18 0 0 
0 0 0 0 0 0 0 0 0 0 0 0 0 67 0 29 0 0 0 0 0 0 0 20 0 0 0 82 0 0 0 50 0 0 0 0 0 0 0 0 84 0 0 0 0 54 0 4 0 0 0 0 0 0 0 0 0 0 0 0 0 0 78 0 0 0 0 0 0 42 85 0 32 0 0 0 0 0 0 0 0 0 0 0 0 0 0 85 0 0 0 0 0 0 94 0 0 0 0 0 0 0 0 0 0 0 0 0 0 0 0 0 0 0 0 0 95 85 0 0 100 0 0 91 0 0 0 0 0 0 0 0 0 0 0 0 0 88 0 91 0 0 0 97 0 0 72 0 0 0 
0 0 0 0 78 77 0 0 0 0 0 0 0 0 0 0 0 0 0 0 0 0 0 0 76 0 0 0 0 0 0 0 0 0 0 0 0 0 0 0 0 0 0 0 0 0 0 0 0 0 0 0 0 0 0 0 0 0 0 0 24 0 0 0 67 0 36 0 0 0 0 0 0 0 0 0 0 0 43 0 0 22 0 0 0 16 0 0 0 0 0 0 0 0 0 0 72 0 0 0 21 0 0 45 0 0 0 0 0 0 0 0 0 0 0 0 0 0 0 0 0 35 0 0 0 0 0 0 0 0 0 0 0 0 0 0 0 0 0 0 0 0 0 0 0 0 0 0 0 0 
31 0 0 0 0 0 0 0 0 0 0 0 0 0 0 0 0 0 84 0 54 0 0 0 0 0 0 0 0 0 0 0 0 0 0 0 0 0 8 0 0 0 0 0 0 0 0 0 0 0 0 0 0 0 0 0 0 0 0 0 0 0 47 0 0 0 0 0 51 94 0 0 0 0 0 0 0 0 0 0 0 0 0 0 0 0 88 0 0 0 0 0 0 45 0 0 0 0 0 0 0 0 0 0 0 0 0 0 0 0 0 0 0 0 0 0 0 0 0 0 0 0 0 0 36 0 0 0 0 0 0 0 0 0 98 0 54 0 0 0 0 0 0 0 0 0 41 0 0 0 
0 0 0 0 64 0 0 58 0 0 20 0 0 0 17 0 0 62 0 0 0 0 5 0 0 0 0 0 0 0 0 0 56 0 0 0 46 0 0 0 0 0 0 0 72 86 0 0 0 0 0 0 0 0 0 0 0 0 73 46 0 0 0 0 0 0 0 0 0 0 39 0 0 0 0 0 0 0 76 0 19 0 0 45 0 0 0 0 88 0 0 0 0 0 0 0 0 0 0 0 0 0 0 0 0 0 0 0 0 0 0 0 0 0 0 68 0 0 0 0 0 0 0 0 0 0 0 0 0 0 0 0 0 49 20 0 0 0 0 0 0 0 80 0 87 0 0 0 0 0 
0 0 95 0 0 0 0 0 0 44 0 0 0 0 0 0 0 0 0 0 0 0 0 0 0 0 17 0 0 0 0 0 0 0 0 0 0 0 34 0 0 0 0 0 0 0 0 0 0 0 0 0 0 6 80 0 0 0 0 0 0 0 0 0 0 0 0 0 0 0 0 0 0 0 0 0 0 0 0 0 0 48 0 27 0 0 0 0 0 0 0 0 0 0 0 0 0 0 0 0 0 0 90 0 0 2 0 0 0 0 0 0 0 0 0 0 0 0 0 0 0 0 0 0 0 0 0 0 0 0 0 0 0 0 0 0 45 0 0 0 92 0 0 0 0 0 0 0 0 0 
0 30 88 0 0 0 0 0 0 0 0 0 0 0 0 0 0 0 0 22 94 0 0 0 94 0 0 0 0 28 0 0 0 0 0 0 0 0 0 0 0 0 0 0 0 0 0 0 0 0 0 0 0 0 0 0 0 0 0 0 0 0 0 0 0 0 0 0 0 38 55 0 0 98 0 0 0 0 0 0 0 0 0 0 0 50 0 0 0 0 0 0 0 0 16 0 0 0 0 0 0 0 0 0 0 0 0 0 0 0 0 33 0 72 0 0 0 0 0 0 0 0 0 0 0 0 22 0 0 0 0 0 0 0 0 0 0 0 0 0 0 0 0 0 0 0 57 0 18 0 
0 0 0 0 0 0 0 0 0 56 0 0 0 0 0 0 0 0 0 0 0 0 0 0 0 0 0 0 0 0 0 66 0 28 0 0 0 0 0 0 0 0 97 0 0 34 0 0 56 0 0 0 0 0 0 0 0 0 0 0 0 0 0 0 0 0 0 0 0 0 0 0 0 8 0 21 0 0 67 0 0 0 0 0 0 0 4 0 24 0 0 0 0 0 0 14 0 0 0 0 0 96 0 0 0 0 0 0 0 0 92 0 0 0 0 0 0 0 0 0 0 88 0 0 0 76 0 0 29 0 67 0 0 0 0 0 99 74 0 0 0 0 0 0 0 0 0 0 0 0 
68 0 0 0 0 61 0 0 0 0 46 0 0 0 0 0 0 0 0 0 0 0 0 0 0 7 40 0 0 0 0 79 0 0 21 0 0 0 0 0 0 39 0 0 0 0 57 0 0 0 84 0 0 0 0 58 0 0 0 0 0 0 0 0 0 0 0 0 0 0 0 0 0 0 0 0 41 0 0 0 0 0 0 94 0 0 0 0 0 0 0 0 0 0 0 0 0 0 0 67 0 0 0 0 0 0 0 0 0 0 0 0 0 0 0 0 0 63 0 0 0 0 0 0 0 0 0 0 0 0 0 0 0 0 0 0 0 25 0 0 0 0 0 0 0 0 0 0 78 0 
0 0 90 0 0 0 26 0 0 0 0 0 0 0 0 0 0 0 0 0 0 0 0 0 0 0 54 74 0 49 0 0 91 17 0 0 63 0 0 0 0 0 0 98 0 0 0 0 3 0 0 0 0 0 0 0 0 0 0 43 0 0 0 0 0 0 0 0 0 54 0 80 0 0 0 0 0 85 0 0 0 0 0 52 0 0 58 0 0 0 24 0 0 0 0 0 0 0 0 0 78 76 0 0 0 0 0 0 59 0 0 0 0 0 0 0 0 16 77 0 0 0 83 0 31 0 0 0 0 0 0 0 0 0 95 0 0 0 0 0 0 0 0 0 0 0 0 0 0 0 
0 0 0 0 0 80 0 0 0 0 0 0 0 0 0 0 98 0 0 0 0 0 0 0 0 0 0 0 0 94 44 0 0 0 54 0 0 0 0 0 0 0 0 0 0 0 0 0 0 0 0 0 0 0 0 0 0 1 0 0 0 0 65 0 0 0 0 92 0 0 0 0 0 0 0 0 0 0 58 0 0 0 0 0 0 0 0 0 0 23 0 0 0 0 9 0 0 0 0 0 0 0 0 0 0 0 0 0 0 0 0 0 0 0 0 0 0 0 0 0 0 0 0 0 42 0 0 73 0 0 0 0 0 0 0 0 0 0 19 0 0 96 4 0 0 0 39 0 0 0 
0 0 0 0 0 0 72 0 0 49 0 0 0 0 0 0 0 0 0 0 0 10 0 0 0 0 66 0 0 0 0 64 0 0 0 0 0 0 0 43 0 0 0 0 0 0 0 0 0 0 0 0 0 0 0 0 0 85 0 0 0 0 0 0 0 0 0 0 0 0 3 0 0 0 0 0 4 0 0 0 0 0 0 0 0 0 0 0 90 0 0 0 0 0 0 0 0 0 53 0 0 0 0 0 25 0 0 0 0 0 0 0 0 0 0 0 0 0 0 0 0 0 0 0 0 0 0 0 0 55 0 0 0 0 0 77 0 0 0 12 72 0 0 0 0 0 0 0 0 0 
0 0 0 0 0 0 12 0 0 0 0 0 0 42 0 0 0 0 0 0 0 0 0 0 0 0 0 0 0 0 0 0 42 0 0 0 0 0 0 75 0 0 0 0 0 0 0 0 0 0 0 20 0 89 0 0 0 0 0 0 0 0 0 0 0 0 0 0 0 0 0 0 0 0 0 0 0 0 60 0 56 0 0 0 0 6 0 0 0 0 0 0 0 0 0 0 0 0 0 0 0 0 0 0 0 0 0 0 0 0 0 0 0 0 0 0 0 0 0 14 0 0 0 0 0 0 0 0 0 0 0 0 0 0 0 91 0 0 0 0 0 0 0 0 0 0 2 94 0 0 
0 0 0 0 0 31 0 0 33 0 0 0 0 0 0 0 0 0 0 0 0 70 0 0 64 0 81 0 48 0 46 0 72 86 0 23 0 0 0 0 0 43 0 0 0 45 0 0 0 0 0 0 0 0 0 0 0 66 0 0 0 0 0 0 72 0 0 11 0 0 0 0 0 0 0 0 0 0 87 0 0 0 0 0 0 0 0 28 0 0 0 0 0 0 0 0 0 0 0 80 0 0 0 0 0 0 0 0 0 0 0 0 0 10 0 0 0 0 0 0 31 0 0 0 0 0 13 0 0 0 79 0 0 21 0 0 0 0 0 0 65 0 70 0 0 0 0 0 0 0 
0 0 0 0 0 0 0 0 0 0 0 0 0 0 0 0 0 0 0 76 0 0 0 61 0 0 0 0 0 0 0 0 0 0 0 0 41 0 0 0 0 0 0 38 0 0 0 0 0 0 0 0 0 0 0 0 0 0 0 0 94 0 0 0 0 0 36 0 0 0 0 0 0 0 0 0 0 32 0 0 0 0 0 0 0 0 0 0 0 0 0 0 0 0 0 0 0 0 63 64 0 0 0 0 0 0 0 0 0 0 0 0 0 0 0 0 0 0 0 0 0 0 0 0 0 0 46 0 0 0 8 46 0 0 0 0 0 0 0 57 0 0 0 0 0 0 0 0 0 0 
0 0 0 77 0 0 0 0 0 23 0 0 0 0 0 0 0 0 0 0 0 0 0 0 0 36 0 0 0 0 48 0 0 0 0 0 0 88 0 0 0 0 0 0 0 0 0 0 0 0 0 94 0 0 0 0 10 0 0 0 0 0 0 29 0 0 0 98 0 0 0 0 35 0 0 0 0 0 0 0 0 0 0 0 0 0 0 0 0 0 0 7 0 0 0 0 0 0 0 0 0 0 0 0 37 0 0 0 86 0 0 0 4 0 0 0 0 0 0 0 0 0 0 5 0 74 0 0 0 0 0 0 0 0 0 0 0 0 0 0 0 0 0 0 0 0 0 0 0 9 
27 0 0 79 31 0 0 0 0 26 0 0 0 0 0 0 0 0 0 0 0 0 0 0 0 0 0 0 0 0 0 0 0 83 0 0 0 96 0 0 26 0 0 0 0 0 0 0 0 0 0 0 0 0 0 0 0 0 0 0 0 81 0 66 0 0 0 0 0 0 0 0 0 1 0 0 0 0 0 0 0 0 0 0 0 0 0 0 0 0 20 0 0 83 0 0 0 0 39 0 0 0 0 0 0 0 0 0 0 0 73 0 0 0 0 92 0 0 0 0 0 0 0 0 0 0 0 0 79 0 0 0 0 0 0 0 0 0 0 0 0 0 0 0 0 0 0 0 0 0 
0 0 82 0 0 0 0 27 0 0 0 0 0 0 90 0 0 0 0 0 40 0 0 0 0 8 0 0 0 0 0 0 0 0 0 0 0 0 0 0 0 0 0 0 0 0 9 0 0 0 0 0 0 0 0 0 0 0 0 89 0 0 0 0 0 0 0 0 0 0 0 0 0 0 0 0 0 0 0 0 0 0 0 0 0 0 0 0 0 0 0 0 0 0 0 0 0 0 0 0 0 0 0 77 0 0 0 0 0 0 0 0 0 0 0 0 0 0 0 0 0 0 0 0 0 0 0 0 0 0 73 0 99 0 37 0 0 0 0 0 0 0 0 0 0 0 0 43 0 0 
0 0 0 0 0 0 0 0 0 0 0 0 0 0 0 0 0 0 0 0 80 0 0 12 0 12 0 0 96 0 0 0 0 0 0 0 0 0 0 0 0 0 0 0 0 74 67 0 0 0 0 0 0 0 0 0 0 0 0 0 0 0 0 26 0 83 0 0 0 0 0 92 0 0 0 0 0 0 0 0 0 0 0 0 0 0 0 0 0 20 0 0 0 0 0 0 0 66 0 0 0 0 0 0 0 0 0 70 55 0 0 0 0 94 0 0 0 0 0 0 0 0 0 0 0 66 0 0 11 0 97 0 0 0 0 0 0 0 0 0 0 0 0 0 0 0 0 0 37 0 
0 0 0 0 0 0 0 0 0 0 0 0 0 0 0 0 0 0 0 0 45 0 0 8 0 0 0 0 0 0 0 0 0 0 0 0 0 0 0 0 40 0 68 0 0 49 0 9 0 0 0 0 0 0 0 0 0 0 0 0 0 0 0 0 0 0 0 0 0 0 0 0 0 49 51 0 0 0 0 0 0 0 0 0 0 0 0 0 0 0 0 0 0 0 0 0 0 0 0 0 0 0 0 0 0 0 0 0 0 0 0 0 0 0 32 0 0 0 0 25 19 0 0 0 0 0 0 0 0 58 0 0 0 82 0 0 0 0 0 0 0 0 0 0 0 0 0 81 0 0 
0 0 0 0 0 0 0 0 0 0 0 0 0 0 0 0 0 0 0 0 0 0 0 0 76 0 0 0 0 0 0 0 0 59 0 70 0 0 0 0 0 0 0 0 0 0 0 0 0 0 0 0 10 0 0 0 0 0 0 0 0 0 0 45 0 0 0 0 0 88 0 0 0 0 0 0 0 0 0 0 69 0 0 77 0 0 0 5 0 0 0 0 0 0 56 0 0 0 88 44 0 0 75 0 0 0 0 0 0 0 0 0 0 0 0 0 28 0 0 0 0 0 0 0 0 0 0 1 0 0 0 0 69 0 0 0 0 0 0 78 0 0 0 11 0 0 0 0 31 0 
0 0 0 0 0 0 0 0 0 0 59 0 0 0 0 3 0 0 0 0 20 0 0 0 0 0 0 97 0 0 0 0 0 0 35 27 0 14 0 0 27 0 0 0 0 0 85 0 0 0 0 0 0 0 0 0 0 0 0 15 0 0 0 0 0 0 0 98 0 0 0 0 0 0 76 0 0 0 0 0 10 0 0 0 0 0 0 0 0 0 10 0 0 0 0 0 0 100 36 0 0 0 0 0 0 0 0 0 0 0 0 0 0 70 0 0 0 0 0 0 0 0 0 0 0 0 0 0 0 59 0 0 0 0 0 0 0 0 0 0 0 0 0 0 0 0 0 0 0 0 
0 0 0 0 0 0 0 3 0 64 0 0 0 0 0 58 0 0 56 0 0 95 13 0 0 0 0 0 0 0 0 5 0 0 0 0 0 0 0 0 0 0 0 0 0 0 0 0 0 0 0 0 0 0 0 0 92 0 0 0 0 0 0 0 0 0 21 0 0 0 0 0 0 0 0 0 0 0 0 0 0 0 0 0 0 0 0 0 0 0 0 0 0 0 94 0 0 0 0 0 0 0 0 0 0 0 0 0 0 0 35 0 0 68 0 15 0 0 0 0 0 49 0 0 0 0 0 0 0 0 0 0 14 0 0 0 0 0 0 0 0 0 0 0 0 0 0 70 0 0 
0 5 0 0 0 50 0 67 0 0 0 0 0 0 0 0 0 0 0 0 0 0 0 41 64 0 0 58 0 0 0 0 0 0 0 0 0 0 0 39 0 0 0 32 0 0 56 42 0 0 0 0 38 0 0 96 38 0 0 0 0 0 0 0 0 0 0 0 0 0 0 0 0 29 0 0 0 0 0 0 0 0 0 48 0 0 13 0 0 57 44 0 0 0 3 0 0 0 0 31 40 0 39 0 0 0 0 0 0 0 0 0 0 89 0 0 0 0 12 0 0 0 0 0 0 27 0 0 0 0 0 0 0 0 0 0 0 0 0 0 0 49 0 0 0 52 26 0 0 45 
0 0 17 0 0 0 0 0 0 0 0 0 0 0 0 0 0 0 0 0 0 0 48 0 0 0 84 0 0 0 0 0 0 0 0 0 0 0 0 0 0 0 0 0 0 0 0 0 0 0 0 0 0 0 0 0 0 0 0 0 0 0 0 0 0 0 0 0 0 0 0 0 0 12 0 8 0 0 0 0 0 0 30 67 0 0 0 0 0 0 0 0 0 0 0 0 94 0 0 0 0 0 0 0 0 0 0 0 0 0 0 0 0 0 0 0 0 60 0 0 0 12 0 0 34 0 0 0 0 0 0 0 0 42 75 0 0 0 0 0 0 0 0 0 0 0 0 0 0 0 
0 0 0 0 0 0 0 0 0 0 0 0 0 0 0 0 0 0 0 0 0 0 0 0 0 0 0 12 0 0 0 0 0 0 0 0 91 0 0 0 0 0 0 0 0 0 0 0 0 0 53 0 0 0 0 0 0 0 0 0 0 0 0 0 0 0 0 0 0 0 0 0 0 94 0 0 0 0 0 0 0 0 0 0 0 0 3 0 0 0 92 0 0 0 0 11 0 0 0 0 0 0 80 0 66 0 0 0 0 0 0 0 0 0 0 0 0 0 0 36 0 0 63 0 0 0 20 0 0 0 0 0 0 0 0 0 0 0 0 0 0 0 0 0 0 0 0 11 0 0 
0 0 0 0 0 0 0 0 0 0 0 0 59 0 0 0 0 0 0 0 0 0 52 0 0 0 0 0 0 0 0 0 0 0 0 0 0 0 0 0 0 0 0 0 8 0 0 0 0 0 0 94 0 0 60 0 0 0 0 0 0 39 0 0 0 0 0 0 0 0 0 17 0 0 0 0 0 0 0 0 0 90 0 0 45 0 0 0 0 0 0 0 0 0 0 38 0 0 0 0 0 0 0 0 0 0 0 0 59 0 0 0 0 0 0 0 0 0 0 0 0 0 0 0 0 0 0 61 0 0 0 0 0 0 0 0 0 0 0 0 0 66 0 0 0 0 0 0 0 0 
0 0 0 0 0 0 0 0 0 0 0 0 0 69 0 0 0 0 0 58 0 0 0 0 0 0 0 0 0 0 0 0 0 0 0 0 0 0 0 0 0 0 0 0 0 0 0 0 0 0 0 0 0 0 0 0 75 0 52 0 0 0 0 0 60 0 0 0 0 0 0 9 0 0 39 0 0 0 0 0 0 0 0 0 0 0 0 0 0 0 0 0 0 0 0 0 0 0 0 0 0 0 30 0 0 0 0 0 0 0 0 0 0 41 0 0 0 0 0 0 0 0 0 0 0 0 0 0 0 0 0 84 0 0 0 0 0 0 0 15 0 0 0 0 0 0 0 0 0 0 
0 0 0 0 0 0 0 0 0 20 0 0 0 0 0 0 0 0 29 78 77 0 0 0 0 0 0 0 0 0 89 0 0 0 0 0 0 0 98 0 0 0 0 69 0 0 0 0 0 0 0 0 0 0 0 0 0 0 0 0 0 0 60 0 0 1 0 0 0 0 0 0 0 0 0 0 0 24 0 0 0 0 0 0 15 0 0 0 98 0 0 0 0 0 18 0 0 0 0 0 0 0 0 0 0 0 0 0 0 0 0 0 0 0 8 0 0 25 0 0 0 0 0 0 49 0 0 0 0 0 0 8 0 0 0 0 0 0 7 89 0 0 76 0 0 62 0 0 0 0 
0 0 0 0 0 0 89 24 68 0 0 0 0 0 0 0 0 0 0 0 0 0 0 0 0 0 0 0 0 34 15 0 0 0 0 0 58 0 79 0 0 12 0 0 0 0 0 35 0 0 0 0 0 0 0 0 0 0 0 6 0 0 0 0 0 0 0 0 0 0 0 0 2 0 0 0 0 0 0 0 0 0 0 0 0 0 0 0 0 0 0 0 0 0 18 83 0 0 0 0 0 19 0 0 0 0 0 0 0 0 0 10 6 0 0 0 0 42 0 0 0 0 49 0 0 0 0 0 0 0 0 48 0 0 0 0 0 24 0 0 0 0 0 0 0 0 0 0 0 0 
0 0 0 0 0 0 0 0 87 0 0 0 0 0 0 0 0 31 0 0 0 0 0 0 0 0 0 78 0 0 0 0 0 0 0 0 0 0 0 0 0 0 0 0 0 0 0 0 0 0 0 0 0 0 0 0 0 0 0 0 0 0 0 0 0 0 0 0 0 0 0 0 0 0 0 0 0 0 0 0 0 0 0 0 0 69 21 0 0 0 0 0 0 0 0 0 0 0 0 0 0 0 0 0 0 0 0 0 0 0 8 0 0 11 0 0 0 0 0 0 0 0 0 0 0 0 0 0 0 0 0 0 0 0 0 0 0 0 0 0 0 0 0 0 0 0 0 0 0 0 
0 0 0 0 0 0 0 0 0 0 0 0 0 0 0 0 0 0 0 0 0 0 0 0 0 0 0 0 0 0 0 0 39 83 0 0 0 0 0 0 0 0 0 0 0 0 0 0 0 0 36 0 62 0 0 0 0 0 69 24 0 0 0 0 0 0 0 0 19 28 0 0 0 0 0 0 0 0 0 0 0 33 0 0 48 0 67 0 91 0 0 0 0 0 0 0 0 0 0 0 93 0 0 0 0 0 26 0 0 0 0 0 0 0 0 0 0 0 0 0 0 19 0 0 0 0 0 0 0 0 0 0 0 0 0 65 0 0 0 0 0 0 0 0 0 0 0 0 0 0 
0 0 0 0 0 0 0 0 0 0 20 0 0 0 0 0 0 0 0 0 0 0 0 0 0 0 0 0 0 58 0 0 0 0 0 0 0 0 0 0 96 0 0 0 0 0 0 17 0 0 0 0 0 0 0 9 23 0 0 0 0 0 0 69 0 0 0 0 0 0 0 0 0 0 0 0 0 0 83 0 0 0 0 9 0 0 0 0 0 76 0 0 0 0 13 0 0 0 10 0 0 0 24 0 0 0 0 0 0 0 0 0 0 78 0 0 0 71 0 0 0 0 0 0 64 51 0 0 0 0 0 87 0 0 0 0 0 0 17 0 0 0 0 0 0 0 0 0 0 0 
0 0 0 0 0 0 0 0 0 0 0 0 0 0 0 48 0 0 0 42 63 0 29 0 0 38 0 0 0 0 0 0 0 0 0 0 0 0 38 0 0 0 0 0 0 41 0 82 0 0 0 0 0 0 0 20 0 0 0 0 0 39 0 0 0 0 0 0 0 0 0 0 0 0 0 0 0 0 0 0 54 1 0 0 0 0 0 8 0 0 0 0 0 0 0 0 0 78 0 0 0 0 0 0 0 0 0 0 0 33 0 0 0 71 0 0 0 0 0 0 0 0 0 0 0 0 0 0 0 0 0 0 0 0 0 0 0 0 0 0 0 0 0 0 0 0 0 0 0 0 
0 83 0 36 0 0 0 0 0 0 0 0 0 0 0 0 0 0 0 69 0 0 0 0 0 0 0 0 0 12 0 0 0 0 0 0 86 0 0 0 0 0 0 37 60 2 0 36 0 0 0 0 0 0 0 0 0 0 0 0 0 0 0 0 0 0 16 0 0 0 0 0 0 0 62 0 0 0 0 0 0 0 0 0 0 0 0 0 0 62 0 0 0 0 0 9 0 0 0 0 0 0 0 0 0 0 0 0 0 0 0 0 70 0 28 3 49 0 0 0 0 0 0 0 0 0 0 0 0 0 0 0 0 0 0 0 0 0 0 0 0 31 0 0 0 0 0 0 0 0 
0 0 0 29 0 0 0 0 0 0 0 0 51 0 0 0 0 0 28 0 0 0 0 0 0 0 0 0 0 0 0 0 0 0 0 0 0 0 0 0 0 0 0 75 0 96 0 0 0 0 0 0 0 0 0 0 0 0 58 0 0 0 72 0 0 0 0 0 99 0 0 0 0 0 17 0 0 80 0 0 0 0 0 65 0 0 0 0 0 0 0 0 4 0 39 0 0 0 0 0 0 0 0 0 0 0 0 63 0 0 0 0 0 0 0 95 0 0 0 33 0 0 0 83 0 0 91 0 0 2 0 0 39 82 0 0 0 0 0 0 0 0 0 0 0 0 0 0 0 0 
0 0 0 0 0 0 0 0 0 0 0 0 90 0 0 0 0 0 0 0 0 0 0 0 0 0 0 0 0 0 0 0 0 0 0 0 0 0 0 12 0 0 0 0 0 0 0 0 0 0 0 0 0 0 0 0 0 0 0 0 0 0 0 0 0 0 0 0 0 0 0 16 0 0 0 0 0 0 0 0 0 0 16 0 0 0 0 0 60 0 0 35 0 0 0 0 0 25 0 0 0 0 0 0 0 0 0 0 0 0 0 0 0 0 0 0 0 0 0 0 0 0 0 0 0 0 0 0 0 32 0 0 0 0 0 0 88 0 0 0 0 0 0 74 0 0 0 0 0 0 
0 0 0 0 0 0 0 0 0 0 0 0 0 0 0 0 16 0 0 0 55 0 0 0 0 0 0 0 0 0 0 0 2 0 0 0 0 0 0 0 0 0 0 0 0 0 0 0 0 54 0 0 0 0 52 0 0 0 0 0 0 0 0 0 0 0 0 0 0 40 0 0 0 0 0 0 0 0 0 0 0 0 0 0 0 0 0 0 0 0 0 0 63 0 0 0 0 0 0 0 0 0 0 0 0 0 0 0 0 0 0 0 0 0 0 0 0 0 0 0 0 0 0 0 0 0 0 0 0 0 0 0 0 0 0 0 0 0 0 0 0 0 0 0 0 0 0 0 0 0 
42 0 0 0 0 0 77 94 0 0 0 0 0 0 0 0 0 0 0 0 0 0 0 0 32 0 0 0 0 7 0 0 0 0 0 0 0 77 0 0 0 21 0 0 0 0 0 0 0 0 10 0 0 100 0 0 0 0 0 0 0 0 56 0 0 0 0 0 0 0 37 0 0 0 0 0 0 14 0 0 0 0 13 23 0 0 0 0 0 0 0 0 13 0 0 0 12 23 0 0 0 0 0 0 0 96 85 0 0 0 0 0 0 41 0 0 0 0 0 0 0 0 0 0 0 0 0 0 0 0 0 0 0 0 0 31 0 0 0 8 0 0 0 0 0 0 0 0 90 0 
0 0 0 0 0 0 0 84 0 0 0 0 0 0 53 0 0 0 0 0 0 0 0 0 0 0 0 0 0 0 0 0 0 0 0 0 19 0 0 0 0 0 0 0 0 0 0 0 0 0 3 61 0 0 0 0 0 9 0 0 0 0 0 0 0 0 0 0 0 0 16 0 0 0 0 0 0 0 0 0 0 0 0 0 0 0 0 0 0 0 0 0 0 0 0 46 0 0 0 0 17 98 0 0 0 0 0 0 0 0 0 0 0 0 0 0 0 0 36 7 0 0 0 0 72 0 0 0 0 63 0 29 0 0 0 0 0 0 0 0 0 0 0 0 0 0 0 0 0 0 
0 72 0 0 0 0 0 0 0 0 0 0 0 0 0 0 0 0 0 15 0 0 0 84 64 0 0 0 0 0 0 0 0 0 0 0 0 0 0 0 0 0 0 0 0 0 0 0 0 0 0 0 0 0 0 0 0 0 0 0 0 0 0 0 0 0 0 0 0 39 0 0 0 0 0 0 0 0 87 0 0 0 0 0 0 0 8 0 0 0 0 0 0 0 0 0 0 0 0 0 0 95 0 0 0 0 0 0 42 0 0 0 0 0 0 0 0 42 0 0 0 0 0 0 0 0 0 0 0 0 0 0 0 0 0 0 0 0 0 0 0 0 0 0 0 0 87 0 0 0 
22 0 0 0 0 0 0 1 0 0 0 0 0 0 0 0 0 0 0 0 0 0 0 0 0 0 0 16 0 0 0 0 0 0 0 0 0 0 0 0 0 0 0 0 0 0 0 0 0 0 0 0 0 0 0 0 0 0 0 0 0 0 0 0 0 0 0 0 0 0 89 27 0 0 8 49 44 0 0 0 0 0 0 0 0 0 0 0 0 0 55 0 0 0 0 0 0 0 0 0 0 0 0 0 0 0 0 0 11 0 0 0 0 0 0 0 0 3 0 0 0 0 0 0 0 0 0 0 0 0 0 0 0 0 0 0 0 0 0 0 57 0 0 0 0 0 0 0 0 23 
0 0 0 0 0 0 0 0 84 0 0 0 0 0 0 0 0 95 0 0 0 0 0 0 0 33 0 0 0 0 0 0 0 0 0 0 0 0 0 0 0 0 83 0 0 0 0 0 13 0 44 0 0 0 0 0 0 0 30 0 0 0 0 0 0 0 0 21 0 0 0 0 0 0 0 0 0 0 0 0 0 0 83 0 0 8 0 0 0 0 0 15 0 0 0 0 0 0 0 0 0 0 0 57 0 0 0 0 0 52 0 24 0 0 21 0 0 0 46 0 0 0 0 0 0 0 0 0 0 0 0 0 0 0 0 0 0 0 0 0 0 0 0 0 0 0 0 0 83 0 
2 0 0 0 0 33 0 0 0 0 0 0 0 90 0 0 0 88 0 0 0 49 0 0 0 0 0 0 3 0 0 0 0 86 0 0 0 0 0 0 0 0 0 0 0 0 0 0 0 0 0 0 0 0 0 0 0 0 0 0 0 0 0 0 0 0 0 0 0 0 0 0 0 0 0 0 0 4 0 0 0 0 0 0 0 0 0 0 0 0 0 0 0 0 0 0 0 0 0 0 0 0 0 0 0 0 0 0 0 0 0 0 0 0 0 0 0 0 64 0 0 0 0 0 0 0 0 0 0 29 73 0 0 0 0 0 0 0 0 0 0 0 0 0 95 0 0 63 0 0 
0 0 0 0 0 73 80 0 0 0 96 0 0 0 0 0 0 0 0 0 0 0 0 0 0 0 0 0 0 0 0 0 0 0 0 0 17 0 90 19 0 0 47 39 0 0 81 0 0 0 0 0 0 0 0 0 0 0 0 0 26 0 0 0 0 0 0 0 0 0 0 53 0 0 92 0 0 0 0 62 0 0 0 0 0 0 41 0 0 0 0 0 0 0 0 0 0 0 0 54 0 0 0 32 0 0 0 0 0 58 0 0 0 74 0 0 0 0 0 0 0 0 0 0 0 0 0 0 0 0 0 0 0 0 0 0 0 0 0 0 0 0 0 0 0 0 0 0 0 0 
0 0 0 0 0 0 100 0 0 0 95 0 0 68 88 0 0 0 4 0 0 0 0 0 0 0 0 0 0 0 44 0 0 76 66 0 0 0 0 0 0 0 0 0 0 0 0 0 0 72 0 0 0 0 0 0 48 29 0 0 0 0 0 0 0 10 0 23 81 0 0 0 0 0 0 0 0 0 0 0 0 0 95 0 0 0 0 0 0 0 0 0 0 0 0 90 50 0 0 0 0 0 0 0 0 44 0 0 0 0 0 0 0 0 0 0 0 0 0 0 0 20 0 0 0 0 0 0 0 0 0 0 0 0 0 0 0 0 0 0 0 0 0 0 0 0 0 0 0 0 
0 0 0 0 0 0 0 0 0 0 0 0 0 0 0 0 0 0 0 0 0 0 0 0 0 0 0 0 0 0 0 0 0 0 0 0 0 0 0 6 0 0 0 0 0 0 0 0 0 0 0 0 0 0 0 0 77 0 0 0 0 0 0 0 0 0 0 0 0 56 0 0 60 0 0 0 0 0 0 75 0 0 0 0 75 0 0 0 0 0 0 0 0 0 0 0 0 0 0 0 0 0 0 0 0 0 0 0 0 30 0 0 0 0 0 0 25 0 0 0 0 0 0 0 0 0 0 0 0 0 0 0 0 0 23 0 0 0 0 0 0 41 0 0 0 0 0 0 0 0 
0 0 0 79 0 0 0 0 22 0 0 0 0 0 0 0 0 0 0 0 0 0 0 0 0 0 0 0 0 0 0 0 0 0 0 0 0 0 0 0 25 0 0 0 0 0 0 0 0 0 0 0 0 0 0 0 0 86 0 0 0 0 40 0 0 0 0 0 0 0 0 0 80 0 0 0 0 0 0 0 0 83 0 0 0 0 0 98 0 0 79 0 0 0 0 0 0 0 0 0 0 0 0 0 0 0 0 0 0 0 0 0 0 0 0 0 0 0 0 7 0 0 0 0 0 0 0 0 98 0 0 0 98 86 0 0 0 0 0 0 0 0 62 0 0 9 0 0 0 0 
0 0 0 0 0 10 0 0 0 0 0 0 0 0 0 0 0 0 0 0 0 0 0 0 92 0 0 0 26 0 0 0 53 58 0 0 0 0 0 0 37 8 97 0 0 0 0 0 0 0 0 0 0 0 0 0 0 0 0 0 98 0 0 0 11 0 0 0 0 0 0 86 0 0 0 0 0 0 0 0 0 0 0 0 0 0 0 0 0 0 0 0 0 0 0 0 0 0 0 0 0 0 0 0 0 0 0 0 0 0 0 0 0 0 0 0 0 84 0 36 0 0 0 0 0 0 0 0 0 0 0 0 0 0 0 0 0 0 0 0 98 0 0 0 0 0 0 0 0 0 
0 0 0 0 0 0 0 0 0 64 0 0 0 0 0 0 0 0 0 0 0 0 45 0 0 40 0 0 0 0 0 0 0 52 0 0 0 0 0 0 0 0 0 0 0 0 0 0 0 0 0 0 75 0 0 0 0 92 7 0 0 0 0 0 0 0 0 0 0 0 0 0 0 0 0 0 0 59 0 83 0 0 0 0 0 83 0 0 0 0 0 0 0 0 0 0 0 0 0 0 1 0 0 0 0 0 0 0 0 0 0 0 0 0 0 0 0 0 0 0 0 0 55 0 0 55 0 0 0 0 0 0 0 77 0 0 0 0 0 0 0 0 0 0 0 0 0 0 0 0 
0 0 0 0 0 23 0 0 0 0 0 0 0 0 0 0 0 0 43 0 0 0 39 0 0 0 0 0 46 0 0 0 0 0 0 0 0 0 0 0 0 0 0 84 0 0 0 33 0 0 5 0 54 0 0 0 0 30 0 9 0 0 0 0 7 0 0 0 0 0 0 0 0 0 0 0 0 0 0 0 0 0 95 0 0 0 58 0 0 0 42 0 0 0 0 0 0 0 15 0 61 0 0 0 0 0 0 0 0 0 0 0 0 0 0 0 0 0 0 0 14 0 0 0 0 0 0 0 0 0 0 0 0 0 0 0 0 0 0 0 0 0 0 0 0 0 0 0 0 0 
0 0 0 66 0 0 0 0 0 0 0 0 0 0 0 0 0 0 0 0 0 0 38 84 0 0 0 0 0 0 0 44 0 0 0 0 0 0 0 0 0 0 0 0 0 0 70 0 0 0 0 0 0 0 0 0 0 0 0 0 0 0 0 0 0 0 0 0 0 0 0 0 0 0 35 0 0 0 0 0 0 0 0 0 0 0 0 0 0 0 0 0 0 0 0 0 0 87 0 83 0 0 0 0 0 0 0 0 0 0 0 0 0 0 70 0 0 0 0 0 0 0 2 0 0 0 0 0 0 0 0 0 0 0 0 0 0 0 0 0 0 0 0 0 0 0 0 0 0 0 
0 0 0 0 0 0 0 0 0 57 0 0 0 0 0 0 0 0 64 0 0 0 0 0 0 0 0 0 24 91 0 0 0 0 0 0 0 0 0 0 0 0 0 0 0 0 0 0 0 0 0 0 0 0 0 0 100 0 0 0 0 0 0 0 0 0 0 67 0 0 0 0 0 0 0 0 0 0 0 0 0 58 0 0 0 0 0 0 0 0 0 0 0 38 0 0 0 0 79 0 0 61 0 0 0 0 0 0 0 0 2 0 0 0 0 0 0 0 0 0 0 0 0 0 0 0 0 0 0 0 0 0 0 0 0 0 0 0 0 0 0 0 0 0 40 0 0 0 0 0 
0 6 0 0 0 0 0 0 0 0 0 0 0 0 0 0 0 0 0 0 0 0 0 15 0 99 0 0 0 0 0 0 62 0 0 0 0 0 0 0 0 0 78 28 0 43 0 0 0 58 0 0 0 0 0 0 0 0 0 0 64 0 0 0 0 80 0 0 0 43 0 0 84 0 0 0 0 0 0 88 0 0 0 0 0 0 85 0 0 0 0 0 0 0 85 0 0 0 0 0 87 0 0 0 0 0 0 0 0 0 0 0 0 0 0 27 0 60 0 0 0 0 0 0 0 0 0 0 0 0 0 0 0 0 0 0 0 0 0 0 0 0 0 0 0 36 0 0 0 0 
0 0 0 0 0 0 0 0 0 0 0 0 0 0 1 0 0 0 0 0 0 0 0 0 0 0 60 0 0 0 0 0 0 0 0 0 0 0 42 0 0 46 0 0 0 0 0 0 0 0 0 0 0 0 0 0 0 0 0 0 0 0 0 0 0 0 0 0 0 0 0 0 0 0 78 0 0 0 0 0 0 0 0 0 0 0 0 0 0 0 0 0 0 0 0 0 0 0 0 0 0 0 0 0 0 90 0 75 0 0 0 0 0 0 0 0 0 0 0 25 0 0 48 0 89 0 0 0 0 0 0 0 0 0 0 0 0 0 0 0 0 0 0 0 61 0 0 0 0 0 
0 0 0 0 0 0 0 0 0 0 0 0 0 0 61 0 0 0 0 0 16 0 0 0 0 0 0 88 40 0 0 0 0 0 0 0 0 0 0 0 0 0 0 0 0 0 0 0 0 0 0 0 0 0 0 0 0 0 0 0 0 0 0 0 0 0 0 0 0 0 0 0 0 0 0 0 0 0 0 0 88 0 0 0 0 0 0 65 0 0 14 0 0 0 0 0 0 0 0 0 0 0 0 42 0 0 0 49 0 0 0 0 0 0 0 0 85 0 0 0 0 0 0 0 33 0 0 0 0 59 0 38 0 0 0 0 0 0 0 0 0 0 0 0 0 0 0 55 0 0 
0 0 0 6 0 0 0 0 0 0 0 0 0 0 0 0 0 0 0 1 98 0 0 0 0 0 0 0 0 0 67 0 0 0 0 0 0 0 0 0 6 0 0 0 0 0 0 0 0 0 0 0 0 0 13 0 0 0 0 0 0 0 0 0 0 67 0 0 0 0 0 0 0 0 0 0 0 0 0 0 0 0 32 0 0 0 0 0 0 0 0 0 0 0 0 0 0 0 0 0 0 0 0 42 0 0 17 0 0 0 0 0 0 0 0 0 0 0 41 0 0 0 0 0 54 0 0 0 0 0 0 0 0 0 0 0 0 0 0 0 0 0 0 0 0 0 0 63 0 0 
0 0 0 0 0 72 0 0 33 0 0 0 0 0 0 0 0 0 65 75 0 0 0 0 0 91 0 0 0 0 0 0 0 0 58 84 0 0 0 0 60 0 0 0 0 85 0 43 0 0 0 0 0 0 0 0 0 0 0 0 0 0 0 35 0 0 0 0 0 0 28 0 0 0 0 0 0 0 0 0 0 0 31 0 0 0 0 0 0 32 0 0 0 87 0 0 0 0 39 0 17 0 0 0 0 0 0 0 0 0 0 0 58 0 0 0 0 0 0 0 0 0 0 0 0 0 0 0 0 0 0 0 0 0 0 0 0 0 0 0 0 0 97 0 0 0 0 0 0 0 
100 4 0 0 0 40 0 0 0 80 0 0 0 0 0 0 0 0 0 0 0 0 0 0 0 0 0 0 0 0 15 0 0 0 0 0 0 0 0 0 0 49 0 0 0 0 0 0 0 0 0 0 0 0 0 0 0 0 0 0 0 0 0 0 0 0 94 43 0 0 0 0 0 0 0 0 0 0 0 0 0 3 0 0 82 0 0 0 0 0 0 0 0 0 16 0 0 0 0 0 0 0 0 90 0 0 0 0 0 0 0 0 0 0 0 0 0 0 51 0 0 0 64 0 0 0 0 0 0 0 0 0 0 0 0 88 0 0 0 0 0 0 45 0 0 0 0 0 0 40 
0 0 0 0 0 0 51 0 0 0 0 0 0 0 0 0 3 0 0 0 0 0 0 0 0 0 0 0 0 0 0 0 0 0 0 0 0 0 0 0 0 0 0 0 0 0 0 0 0 0 0 0 0 0 0 0 17 0 0 0 0 15 0 0 0 0 0 0 0 0 0 0 0 0 0 0 0 0 0 0 0 0 0 0 0 0 0 0 0 0 0 0 0 0 0 8 0 0 0 0 0 0 0 0 0 0 0 0 0 0 33 0 6 0 0 0 0 0 0 0 0 0 0 0 0 0 0 0 0 0 0 0 0 0 0 0 0 0 0 0 0 0 0 0 0 86 0 0 0 0 
0 0 0 0 0 0 0 0 0 0 0 0 0 0 0 54 0 0 0 0 0 0 0 0 0 0 0 0 54 0 0 0 0 0 0 0 0 0 78 0 0 0 0 0 0 0 0 0 57 0 0 0 0 0 0 0 0 0 0 0 0 0 0 0 0 0 46 0 0 0 16 0 0 0 0 17 0 0 0 0 0 0 0 97 0 0 0 0 0 0 0 0 0 44 0 13 0 0 0 0 0 0 100 0 0 16 0 0 0 0 0 0 0 87 0 0 0 0 0 0 0 0 0 94 0 0 0 100 25 0 0 0 0 0 0 0 0 0 0 0 0 0 98 0 0 0 0 40 0 0 
1 0 0 0 0 0 0 0 0 0 0 43 0 0 0 0 0 0 0 0 0 0 0 0 0 0 0 0 0 0 0 0 0 0 0 0 0 0 0 0 0 0 0 0 0 0 79 0 0 0 0 64 0 0 0 0 0 0 0 0 0 0 0 0 0 0 0 0 67 0 0 0 0 0 0 0 0 0 0 0 0 0 0 0 0 0 0 0 0 0 0 0 0 0 0 0 0 0 3 30 0 46 0 0 0 0 0 0 0 0 0 80 0 0 5 0 0 0 0 0 0 0 0 0 0 0 24 0 0 0 0 0 0 0 0 0 0 0 0 0 0 28 0 25 0 0 0 0 0 0 
0 0 0 0 0 82 0 99 0 0 0 0 0 0 73 0 0 0 0 0 0 0 0 0 0 0 0 0 0 0 0 21 0 0 0 0 0 0 0 0 0 0 0 0 0 0 0 0 0 0 0 0 0 0 0 0 0 0 0 0 70 0 0 0 0 0 0 0 0 0 41 11 0 9 0 0 0 0 0 0 0 0 0 0 0 0 0 0 0 0 0 0 0 2 0 36 0 9 0 0 0 0 35 0 0 0 71 0 0 0 8 0 0 0 0 0 0 0 0 0 0 0 0 0 0 0 24 0 0 0 45 0 0 0 0 16 23 0 0 0 0 0 0 0 0 0 0 0 0 0 
0 0 0 0 99 0 0 0 0 0 0 0 0 0 0 0 0 0 0 0 0 0 98 0 0 0 0 0 0 0 0 0 0 0 0 0 0 0 0 0 0 0 67 0 0 0 0 0 0 0 0 0 0 0 0 0 0 0 0 0 0 0 0 91 0 41 73 0 0 0 0 0 0 47 0 0 0 0 0 38 0 0 0 0 0 0 0 0 0 0 0 0 0 0 0 0 0 36 0 0 0 0 0 0 34 0 0 16 0 0 0 0 0 0 0 0 0 0 0 0 0 0 0 0 32 0 0 19 0 0 0 0 0 7 73 0 0 0 0 0 6 0 34 0 0 69 0 8 0 0 
0 0 0 76 0 0 0 0 91 0 88 0 0 0 0 0 0 0 0 39 0 0 0 0 0 0 86 0 0 0 0 0 0 0 0 0 0 12 0 0 0 0 0 0 85 0 0 0 79 0 0 0 0 0 24 0 0 0 0 91 0 0 0 0 0 0 86 0 0 0 0 0 0 0 0 0 0 0 0 0 0 0 0 0 0 0 0 0 0 0 0 0 0 0 0 75 0 0 0 0 0 0 0 0 0 0 0 0 0 0 0 65 0 0 97 0 0 0 0 0 0 0 0 0 28 0 0 0 0 0 80 0 0 0 0 0 6 0 0 0 0 0 0 0 30 0 0 0 0 0 
0 0 0 0 0 0 0 0 0 0 0 0 0 0 0 0 0 0 0 0 0 0 0 0 0 0 0 0 0 0 0 0 0 0 0 0 0 0 0 0 74 0 0 0 43 0 0 0 0 0 0 0 0 48 0 0 0 99 0 0 0 0 0 0 0 0 0 0 0 0 0 0 0 0 0 62 0 0 0 0 0 0 48 0 0 100 0 0 0 0 0 0 0 0 0 0 0 0 0 0 0 0 0 0 0 0 0 0 0 0 0 0 0 0 22 0 0 0 0 0 0 0 52 0 0 0 0 0 0 36 0 0 0 0 0 0 0 0 0 0 0 0 0 0 0 0 0 0 0 0 
0 0 0 0 0 0 0 0 0 0 0 87 0 84 94 0 0 0 24 0 0 0 0 0 0 0 0 0 0 0 0 0 0 0 0 0 0 0 0 0 0 0 0 0 0 0 63 0 0 0 3 0 0 0 26 52 0 0 0 81 0 0 0 0 0 0 0 0 0 0 0 0 0 0 0 0 0 0 0 0 0 0 0 0 0 0 0 0 0 0 0 0 0 0 0 0 80 0 0 0 0 60 0 0 43 0 0 0 0 21 0 0 0 0 0 0 0 0 0 0 0 0 92 0 0 0 0 0 0 0 57 0 51 0 0 0 0 0 0 0 0 0 0 0 0 0 0 0 0 14 
0 0 0 0 0 0 0 0 0 0 0 0 0 0 0 0 0 0 0 0 0 0 0 0 0 0 0 0 0 0 0 0 50 0 0 0 0 0 35 43 0 0 0 0 0 0 0 0 0 0 0 0 0 0 0 0 0 0 0 0 0 0 0 0 63 0 0 0 0 0 0 0 0 0 0 0 0 0 0 0 0 0 0 77 0 0 0 0 0 0 0 0 0 0 55 0 0 85 0 0 0 0 0 69 0 0 92 0 0 0 0 0 0 0 0 0 0 0 0 0 0 0 0 0 3 0 0 0 0 0 0 99 0 0 0 0 0 0 0 0 0 0 0 0 0 0 0 0 0 0 
0 0 0 0 0 0 0 0 0 0 0 0 0 0 73 0 0 0 0 0 0 9 0 0 30 0 0 0 14 0 98 0 0 0 0 0 0 0 0 0 0 0 8 0 0 0 37 0 19 0 0 0 0 0 0 0 0 0 0 0 0 0 0 0 0 0 0 0 0 0 0 0 0 0 0 0 0 0 87 0 0 0 0 0 0 0 0 0 0 0 0 0 0 0 91 0 0 0 0 0 0 0 0 0 0 0 45 0 0 0 0 0 0 0 0 0 0 0 0 0 0 0 0 0 0 0 0 0 0 15 0 0 0 0 0 0 0 0 0 0 0 0 0 0 87 14 0 0 0 0 
0 0 0 0 0 0 0 0 0 21 0 46 0 0 0 0 0 0 0 0 0 0 0 0 0 11 0 0 0 0 0 0 0 0 0 0 74 0 0 0 0 0 0 0 0 0 0 0 0 0 0 0 0 0 0 0 0 0 0 0 0 0 0 0 0 0 0 52 0 7 0 0 0 0 0 0 0 0 0 0 0 0 0 0 0 0 0 0 0 0 33 0 0 0 0 0 0 0 0 0 0 0 0 0 0 0 0 0 0 0 0 0 0 78 0 0 0 0 0 18 0 0 0 0 0 0 52 0 0 0 0 0 0 0 0 0 70 0 0 0 0 0 0 0 0 0 0 0 0 0 
0 0 0 0 0 0 0 0 0 0 0 0 0 0 0 0 0 0 0 31 0 70 0 0 0 0 59 0 0 0 0 0 0 0 0 0 0 0 0 30 0 0 0 0 0 0 0 0 81 0 0 0 0 0 0 0 0 0 0 0 0 0 0 0 0 0 0 0 0 0 0 0 94 0 0 0 0 0 0 0 0 0 0 0 0 0 0 0 0 0 0 0 0 0 0 0 0 0 0 0 0 0 0 0 0 0 0 0 0 75 0 0 0 67 0 0 48 64 3 0 0 0 0 12 0 0 0 0 0 0 0 0 0 0 60 0 67 0 0 0 0 0 0 0 0 0 51 0 0 0 
0 0 0 0 0 0 0 81 0 2 0 0 0 0 0 0 0 0 0 0 0 0 27 79 0 0 0 34 0 0 0 0 0 0 0 0 0 0 0 0 0 0 0 0 0 0 0 0 0 0 0 0 0 0 0 0 0 0 11 0 0 0 0 0 0 0 0 0 0 0 0 0 0 0 0 0 0 0 66 0 0 0 0 0 0 0 0 0 0 0 0 0 0 0 0 0 0 0 0 0 0 0 0 48 0 0 0 0 19 0 0 0 0 0 0 0 0 0 0 0 87 0 45 0 0 0 0 67 0 0 0 0 0 0 0 0 0 0 0 0 0 0 0 0 0 0 0 0 0 0 
0 0 0 0 4 0 0 0 0 0 0 37 94 0 0 0 0 0 0 0 24 0 0 0 0 0 0 0 0 72 0 0 81 0 57 0 0 0 0 0 0 0 0 0 0 0 0 0 86 0 0 0 0 0 0 0 0 7 0 0 0 0 0 0 0 0 0 0 0 0 0 0 0 0 0 0 0 0 0 0 0 52 0 0 0 0 0 0 0 0 0 18 0 0 0 0 0 0 97 0 0 0 0 0 67 28 0 0 0 0 0 0 0 0 100 0 0 0 0 0 0 0 0 27 0 0 0 0 0 45 0 0 0 43 0 0 0 0 0 0 0 0 56 0 0 0 17 0 0 8 
0 36 0 0 0 0 0 0 0 0 0 0 0 0 0 0 0 0 0 0 0 0 0 0 0 0 0 0 15 0 0 0 0 0 0 0 60 0 39 0 0 0 0 0 25 0 0 0 0 0 0 0 0 0 0 0 0 0 0 0 0 0 0 0 0 0 0 0 0 0 20 0 0 0 0 0 0 0 0 19 0 0 0 0 0 0 0 0 0 0 0 0 0 0 0 0 0 0 0 0 0 0 0 0 0 0 0 0 0 0 0 0 0 0 0 0 0 0 0 0 0 32 0 0 0 0 0 0 0 0 0 54 0 0 29 0 0 0 0 45 0 0 0 98 0 0 0 0 0 0 
0 0 0 0 0 0 0 0 0 0 0 0 0 73 0 0 0 0 0 0 0 0 0 0 0 26 4 0 0 0 0 0 0 0 0 0 0 0 0 0 71 29 0 0 0 0 0 0 0 0 43 0 0 0 0 0 0 0 0 0 0 0 15 0 0 0 10 66 0 0 0 24 47 0 0 0 0 0 0 0 0 4 0 0 80 0 51 0 0 0 88 0 0 0 0 0 17 0 0 0 0 0 0 0 0 0 0 0 0 0 0 0 0 77 0 0 0 0 0 0 0 0 0 0 81 29 0 0 0 0 0 0 0 0 0 0 0 0 0 0 0 0 0 0 0 0 0 0 0 0 
0 0 0 0 80 0 45 0 0 0 0 0 0 0 0 0 0 0 0 0 11 0 37 0 0 0 0 99 0 0 0 0 0 0 93 0 0 0 0 82 0 0 0 0 0 0 0 0 0 0 0 0 0 0 62 0 0 0 0 0 55 0 0 27 0 0 0 5 0 0 63 0 0 18 0 0 0 0 0 0 0 0 0 0 0 0 0 0 0 0 0 18 13 0 94 0 0 0 0 0 0 0 0 0 78 0 10 0 0 0 0 0 0 0 0 0 0 0 0 0 0 0 16 0 0 0 0 0 0 0 0 0 96 0 0 0 0 19 0 0 0 35 0 0 0 0 0 0 0 0 
0 0 0 0 0 0 0 0 0 0 0 0 0 0 14 0 0 74 0 0 0 0 0 82 0 0 0 0 0 0 0 0 0 0 0 0 0 0 0 0 0 0 0 87 0 0 0 0 0 0 0 0 0 0 0 0 0 0 0 0 0 0 0 0 92 0 0 0 11 0 0 0 0 0 0 0 0 0 0 0 98 0 0 28 0 0 0 0 3 0 0 67 17 0 0 0 14 0 0 0 87 0 0 0 0 23 75 0 0 0 0 0 0 0 0 23 0 0 0 0 0 0 0 71 0 7 0 0 0 0 0 0 0 0 0 0 79 0 0 0 37 0 0 0 0 0 0 0 0 0 
0 0 0 0 0 0 0 0 0 87 0 0 0 0 0 0 0 0 0 0 0 0 16 0 0 0 0 0 0 0 0 0 12 0 0 0 0 0 0 0 14 0 0 100 0 0 0 0 0 84 0 0 0 0 0 0 0 0 0 0 0 0 0 0 0 0 0 0 0 0 0 0 0 0 0 0 0 0 0 0 63 0 76 0 0 71 0 0 0 78 0 0 0 0 0 0 0 0 0 0 0 0 0 0 0 0 0 0 17 0 0 0 0 0 0 0 0 0 0 0 0 0 55 0 0 0 0 0 0 0 0 71 0 0 0 22 0 0 0 0 0 0 0 82 0 0 0 0 0 0 
0 0 0 89 0 0 0 0 0 0 0 0 0 0 0 0 0 0 0 0 0 0 0 40 49 64 0 0 0 0 0 0 0 0 0 0 0 0 0 0 0 0 0 0 0 69 0 0 85 0 0 0 0 0 0 0 0 0 0 0 0 0 9 0 0 0 0 84 0 0 0 18 0 0 53 0 0 82 0 0 9 0 0 0 0 0 0 0 0 0 0 0 0 0 0 0 0 0 0 0 0 0 0 0 0 0 0 0 0 0 0 0 0 73 0 0 0 0 0 0 0 91 0 0 0 0 0 0 0 0 0 0 0 0 0 0 0 0 0 0 0 0 0 0 0 0 0 0 0 0 
0 0 0 0 0 0 0 0 0 0 0 0 0 0 0 0 0 0 0 0 42 0 0 0 0 40 0 0 0 0 0 0 79 0 0 0 0 0 0 0 0 0 0 0 0 0 0 0 0 0 0 0 23 0 0 0 0 0 0 0 0 0 0 0 0 0 0 0 0 0 0 0 0 0 0 0 0 0 0 0 0 0 0 0 0 0 0 0 0 0 0 0 0 0 0 0 97 0 0 0 0 0 0 0 0 0 4 0 0 0 0 0 0 39 0 0 0 0 25 0 0 0 0 0 0 0 10 0 0 0 0 0 0 82 0 0 0 0 0 53 0 8 0 0 0 0 0 0 0 0 
0 0 39 0 0 0 0 0 0 0 30 0 0 0 0 0 0 0 0 0 0 0 0 0 25 30 0 0 0 0 69 0 0 0 0 0 0 0 0 0 85 0 0 0 0 0 0 0 0 0 94 0 0 0 0 0 0 0 0 3 0 2 0 97 0 0 0 0 0 6 0 0 0 0 0 0 0 0 0 0 0 0 0 0 0 0 0 0 0 0 63 0 0 0 0 0 0 0 59 0 0 0 0 0 41 0 0 0 0 0 0 0 0 0 12 0 0 0 0 0 0 0 0 0 0 0 71 0 0 35 0 0 0 75 0 0 41 0 0 0 0 0 0 0 0 0 0 0 0 0 
0 0 14 0 0 0 0 35 0 0 0 0 86 0 0 1 0 0 0 0 18 0 0 12 0 0 0 0 0 0 0 0 0 0 0 52 82 0 0 0 0 0 0 0 25 0 56 0 0 0 0 0 0 0 0 0 0 0 92 0 0 0 25 0 0 0 0 0 0 0 0 0 0 0 0 0 34 41 0 0 0 0 0 0 97 0 37 0 0 0 0 0 0 0 0 83 0 0 0 0 96 0 0 0 0 0 0 0 0 0 0 0 0 0 0 0 0 0 0 0 0 0 0 12 0 0 0 0 0 0 0 0 60 0 0 0 0 0 0 0 0 0 0 0 0 0 0 0 0 0 
0 0 0 0 0 3 0 0 0 0 0 36 0 0 51 0 0 0 0 0 0 0 0 0 0 0 0 0 0 0 0 0 0 0 0 0 0 0 0 0 0 7 0 0 43 0 0 0 0 0 0 0 0 0 86 0 0 0 0 0 93 93 0 0 0 0 0 0 0 0 0 0 0 0 0 38 0 0 0 0 0 0 0 0 0 0 0 0 0 0 0 0 0 79 0 0 0 0 0 0 0 0 0 0 0 0 0 0 0 0 0 0 28 44 0 0 0 0 0 0 0 0 0 0 0 0 0 0 0 0 0 0 0 0 0 0 0 0 0 0 0 0 0 0 0 0 0 0 0 0 
0 0 0 0 0 0 0 20 0 0 0 0 67 0 0 0 0 0 0 0 0 0 46 0 0 0 0 0 0 0 0 0 0 0 0 0 0 0 0 0 0 0 0 0 0 0 34 0 0 0 0 0 0 5 0 0 0 0 0 0 0 0 0 0 0 0 0 0 0 0 0 0 0 0 0 0 0 0 0 0 0 0 0 0 0 0 0 0 0 0 0 0 0 32 0 0 0 0 0 0 0 0 0 0 0 0 0 0 0 0 0 0 0 0 68 0 0 0 0 0 21 0 0 0 0 0 0 0 0 45 0 48 0 0 0 0 0 0 0 0 0 0 0 0 0 0 0 0 0 0 
0 0 0 0 0 0 0 0 0 0 0 0 45 0 0 0 0 56 0 0 0 0 0 0 0 0 0 0 0 0 0 0 0 70 0 0 0 0 0 0 0 0 0 0 0 46 0 0 0 100 0 2 0 0 0 0 69 0 0 0 0 0 0 0 0 0 0 0 0 0 0 0 0 0 0 40 0 0 0 0 0 0 0 0 0 0 0 0 0 0 0 0 0 0 0 0 0 0 0 0 0 0 0 0 0 0 0 0 0 0 0 0 0 0 82 0 0 0 0 0 0 0 0 0 78 0 0 0 0 0 0 0 0 0 0 0 0 0 0 0 0 0 0 0 0 0 0 0 0 0 
0 0 0 0 0 0 0 0 0 0 0 0 0 0 0 0 0 0 0 0 0 56 50 0 0 0 30 0 0 0 0 0 0 0 0 0 0 0 0 0 0 0 0 0 0 0 0 29 0 0 0 0 0 0 0 0 0 0 0 0 0 0 0 0 0 0 0 0 0 0 0 0 0 0 0 0 0 0 0 0 0 0 27 63 0 0 0 0 0 0 88 0 0 0 0 0 0 0 0 0 0 0 0 0 0 0 0 0 0 0 36 0 0 0 0 0 0 0 0 0 0 0 0 0 0 0 0 44 82 0 0 0 0 0 0 0 0 0 32 0 0 0 17 0 0 0 0 0 0 0 
0 52 0 0 0 0 0 0 0 38 91 91 0 0 0 0 0 0 0 14 0 86 0 0 0 0 0 0 0 0 0 0 0 0 0 63 0 0 0 0 0 0 0 0 93 0 0 0 0 0 0 0 0 0 0 0 0 0 0 13 19 0 0 0 0 0 0 0 0 0 0 0 0 0 0 0 0 0 0 0 0 0 0 0 0 0 0 0 0 17 0 0 0 0 0 0 0 0 0 0 0 0 0 85 0 0 0 0 85 0 0 0 77 0 0 0 0 26 0 0 0 0 0 0 0 0 0 0 0 0 0 25 0 0 0 0 0 0 0 0 0 0 0 0 0 0 0 0 0 0 
0 0 0 0 0 0 0 0 0 0 0 0 0 0 0 0 0 0 0 0 0 0 0 0 0 0 0 0 0 0 0 0 0 0 0 0 0 0 0 0 0 0 0 0 80 0 0 0 0 0 0 0 0 0 0 0 0 0 0 5 0 0 0 0 0 0 0 0 70 0 0 0 0 0 0 0 0 0 0 0 0 0 0 0 0 0 0 0 0 0 0 0 0 0 0 0 0 0 0 0 0 92 0 97 0 0 0 34 0 0 0 0 0 0 0 0 0 0 79 0 0 0 0 0 0 0 0 0 23 0 0 0 0 0 0 0 18 0 0 0 85 0 0 0 0 58 0 0 0 0 
0 0 0 0 0 0 0 0 0 0 0 0 0 0 0 5 0 0 0 0 0 0 0 0 0 0 56 0 91 0 0 0 0 57 0 0 0 0 0 0 0 0 0 0 0 0 0 20 0 0 0 0 0 0 0 0 0 0 0 0 0 0 0 0 0 0 0 0 0 0 0 0 0 0 0 0 0 0 0 0 97 0 0 0 0 0 0 0 0 0 0 0 0 0 0 0 0 0 0 0 0 0 0 0 0 81 0 0 31 0 27 0 0 0 0 0 0 0 0 0 0 0 0 0 0 0 0 0 0 0 39 0 0 0 0 0 0 0 0 0 0 0 0 0 0 0 0 0 0 0 
0 34 0 0 0 0 0 0 0 49 37 0 31 0 0 0 15 56 0 18 0 84 0 61 0 0 0 0 0 66 0 0 0 89 0 0 0 0 0 0 0 0 0 0 0 0 0 0 0 0 0 43 0 0 48 0 0 0 0 0 0 0 0 0 0 0 0 0 16 0 0 15 0 0 0 0 0 0 0 0 0 0 0 0 0 72 0 0 0 0 0 0 0 0 0 0 0 59 0 0 0 0 0 0 0 0 0 0 91 0 0 0 0 0 0 0 76 0 0 59 0 22 0 0 0 0 0 74 0 0 0 0 0 0 0 0 0 0 0 0 0 0 65 0 0 31 0 0 0 0 
